0 1
1 1
2 2
3 6
4 22
5 86
6 340
7 1340
8 5254
9 20518
10 79932
11 311028
12 1209916
13 4707964
14 18330728
15 71429176
16 278586182
17 1087537414
18 4249391468
19 16618640836
20 65048019092
21 254814326164
22 998953992728
23 3919041821896
24 15385395144092
25 60438585676636
26 237563884988120
27 934311596780040
28 3676495517376184
29 14474185732012088
30 57011153530262480
31 224656915621201776
32 885652912419210822
33 3492861836026915782
34 13780479845245611084
35 54388113081432337380
36 214729932989712917668
37 848052809484541707556
38 3350334574655466140216
39 13239822072430180232232
40 52335808270599440879284
41 206934571189982074002548
42 818425886045480073365896
43 3237673398479042349060632
44 12811192923571669467870664
45 50704290989642196738527048
46 200721767558683308700217776
47 794758327136359419952519952
48 3147480247103506996680796444
49 12467371711588974170827212188
50 49393251191799570968275635832
51 195721323613651013964116220008
52 775681930753017847189773247816
53 3074691375740439617836809788744
54 12189592067181565816702419563248
55 48333049189844665620128143125968
56 191674487676565550273850199554424
57 760234106384599142912931614646008
58 3015721572748589992463595600401200
59 11964485381977151314836595373090960
60 47473780481353767802050510461474416
61 188394767873878618122620614886243696
62 747717213262848575274466080605467552
63 2967958428851480386917331132533607136
64 11782259592346823520686656131742782022
65 46778706886870096588550881954439021894
66 185744202455399051984941117140485426188
67 737612707907218431744486755161165283876
68 2929451267263567016070637982850089264452
69 11635570442457473175795713890168152798404
70 46220155055609632689452725735280292076408
71 183618435592218742042711461696686422730216
72 729526765909664873244748736973027445604932
73 2898712749488697136757456372292134404034564
74 11518796733262965478081905854113416167753128
75 45776865583236473399203960989099899119494776
76 181937009594320978873736215406788995917525032
77 723154688965889751097101396443192826411889064
78 2874588225169330729910266250097039087510781168
79 11427560208426660761216674193001922526450403536
80 45432226748523983679867488376304124899523401012
81 180636860154887532842333974035976978875788303284
82 718256924308840704281727251872444612431548985768
83 2856167234882640332177000885696057331411192948216
84 11358398642653256630400822038234943728547172796632
85 45173065721576308057178968529470878470010061869784
86 179667842488623618336093016334593779472760809719248
87 714642491229551839105935178063714692911965481155696
88 2842722058240330382759816822753037594153543736276232
89 11308537787442034315752841106800792975560381040259464
90 44988801505636138725613585002139650894736930818859728
91 178989582482503853042943703302031527717732898643340656
92 712157265987568127773494228152764511315128648488823312
93 2833664093821898191595666210009358256743525029610686224
94 11275728828895114632325888269455044211548265118705668448
95 44870838790971390745360943764893423662680647193816689696
96 178569214591821033028866839352551169428060985661714360092
97 710675533602207732686301380136130771528525107574404678684
98 2828512285392854707326223033551336688181493890435185846968
99 11258130303537041119524653026082830440762998748471762960936
100 44812126024908558505907621010943168569218082391894548561192
101 178379726811740135183845078959222299748099079416124942145064
102 710093785711943860238516009065296025214998829085755625022128
103 2826869864785007911374418896977950260432438462483672066010896
104 11254220832803264716820498044660062777367359258967207548217992
105 44806827772429330492558245053888462337347122970448157000585224