0
4199136
6422008
1877968020
0
6
1878039440
1878003816
1878036488
1878003816
6421932
1877808676
1878000396
-1
1877353318
1878003816
6
0
6
16
1
1878006816
1878006816
1877944186
1878003816
1878036488
1878039440
0
0
6422004
1878003616
17
6422044
2
6422056
1877910229
1878006928
1878000396
8
16845920
16845928
-1632752320
6422120
1960145282
16842752
0
16845920
1946714195
8
16845920
16845928
1877912247
16842752
0
12
16845920
16845932
-1632752320
6422184
1960145282
16842752
0
16845920
1946714259
12
16845920
16845932
6422204
1960273233
8
1960210173
128
6422124
16845936
6422180
4199136
4201104
0
1960210361
16845936
6422204
1960275957
1960592156
6422268
1960273233
8
1960210173
1960210147
1946714311
4199136
4199136
0
4201104
6422224
6422280
6422476
1960234176
11725331
-2
6422280
